0
1265
0
3313
0
4095
-1
3313
-1
1265
-1
-1266
-1
-3314
-1
-4096
0
-3314
0
-1266
0
1265
0
3313
0
4095
-1
3313
-1
1265
-1
-1266
-1
-3314
-1
-4096
0
-3314
0
-1266
0
1265
0
3313
0
4095
0
3313
-1
1265
0
-1266
-1
-3314
-1
-4096
0
-3314
0
-1266
0
1265
0
3313
0
4095
0
3313
-1
1265
-1
-1266
-1
-3314
-1
-4096
0
-3314
0
-1266
0
1265
0
3313
0
4095
-1
3313
-1
1265
-1
-1266
0
-3314
0
-4096
0
-3314
-1
-1266
-1
1265
0
3313
-1
4095
-1
3313
-1
1265
-1
-1266
-1
-3314
-1
-4096
-1
-3314
-1
-1266
0
1265
-1
3313
0
4095
0
3313
0
1265
-1
-1266
0
-3314
0
-4096
0
-3314
-1
-1266
0
1265
0
3313
0
4095
-1
3313
-1
1265
0
-1266
-1
-3314
-1
-4096
-1
-3314
0
-1266
0
1265
-1
3313
0
4095
0
3313
0
1265
-1
-1266
-1
-3314
0
-4096
0
-3314
0
-1266
0
1265
0
3313
-1
4095
-1
3313
0
1265
0
-1266
-1
-3314
0
-4096
-1
-3314
0
-1266
-1
