0
-1
-1
-2
0
2
9
16
24
26
28
25
22
13
5
-6
-14
-25
-31
-35
-35
-34
-29
-22
-12
-3
7
16
24
26
28
25
22
13
5
-6
-14
-25
-31
-35
-35
-34
-29
-22
-12
-3
7
16
24
27
29
26
23
15
6
-5
-13
-24
-31
-35
-35
-34
-29
-22
-12
-3
7
16
24
27
29
26
23
14
5
-6
-14
-25
-31
-35
-35
-34
-29
-22
-12
-3
7
16
24
26
28
25
22
13
5
-5
-13
-23
-29
-33
-34
-34
-30
-24
-14
-5
6
14
23
25
27
24
22
13
5
-6
-14
-25
-31
-36
-36
-36
-31
-24
-13
-5
6
15
23
26
29
27
24
15
6
-4
-13
-23
-29
-33
-34
-34
-30
-23
-13
-4
7
16
24
26
28
25
22
14
6
-5
-13
-24
-31
-36
-36
-35
-30
-23
-12
-4
6
15
23
26
29
27
24
15
6
-5
-14
-24
-30
-34
-34
-33
-29
-22
-12
-3
7
15
23
25
27
25
23
15
7
-4
-13
-23
-30
-35
-35
