0
-1
-17
-33
38
264
662
1154
1616
1920
2018
1921
1633
1187
623
-1
-624
-1188
-1634
-1922
-2019
-1922
-1634
-1188
-624
-1
623
1187
1633
1921
2018
1921
1633
1187
623
0
-624
-1188
-1634
-1922
-2019
-1922
-1634
-1188
-624
-1
623
1187
1633
1921
2018
1921
1633
1187
623
-1
-624
-1188
-1634
-1922
-2019
-1922
-1634
-1188
-624
0
623
1187
1633
1921
2018
1921
1633
1187
623
0
-624
-1188
-1634
-1922
-2019
-1922
-1634
-1188
-624
0
623
1187
1633
1921
2018
1921
1633
1187
623
-1
-624
-1188
-1634
-1922
-2019
-1922
-1634
-1188
-624
-1
623
1187
1633
1921
2018
1921
1633
1187
623
0
-624
-1188
-1634
-1922
-2019
-1922
-1634
-1188
-624
0
623
1187
1633
1921
2018
1921
1633
1187
623
-1
-624
-1188
-1634
-1922
-2019
-1922
-1634
-1188
-624
-1
623
1187
1633
1921
2018
1921
1633
1187
623
0
-624
-1188
-1634
-1922
-2019
-1922
-1634
-1188
-624
0
623
1187
1633
1921
2018
1921
1633
1187
623
-1
-624
-1188
-1634
-1922
-2019
-1922
-1634
-1188
-624
0
623
1187
1633
1921
2018
1921
1633
1187
623
-1
-624
-1188
-1634
-1922
-2019
